Default,Math,Flash_Atten,Effic_Atten
5807,5862,0,0
8223,5803,9777,9791
1914,7786,1915,1840
